2454379.690005 10.600000000000165 14.14 CORALIE
2454379.713452 19.97000000000071 13.33 CORALIE
2454732.703073 21.20999999999995 18.08 CORALIE
2454722.651535 10.130000000000194 14.83 CORALIE
2454359.687716 39.14999999999935 16.36 CORALIE
2454386.638647 14.029999999999987 14.069999999999999 CORALIE
2454386.66486 44.769999999999754 13.84 CORALIE
2454383.601838 57.970000000000965 12.25 CORALIE
2454383.625413 42.139999999999844 12.53 CORALIE
2454726.613463 74.63000000000086 16.7 CORALIE
2454390.521372 72.30000000000025 12.73 CORALIE
2454390.544901 63.819999999999766 13.14 CORALIE
2454380.563292 84.22000000000018 12.02 CORALIE
2454380.586751 65.39000000000073 11.42 CORALIE
2454387.668883 38.42000000000034 25.78 CORALIE
2454387.690688 45.02000000000095 32.9 CORALIE
2454377.716124 35.10999999999953 14.52 CORALIE
2454730.622609 25.589999999999336 14.59 CORALIE
2454377.739618 39.6099999999997 13.93 CORALIE
2454720.614742 54.57999999999963 17.21 CORALIE
2454364.628975 -8.630000000000138 20.060000000000002 CORALIE
2454724.579899 -47.689999999999344 16.16 CORALIE
2454734.747409 -32.37999999999985 16.490000000000002 CORALIE
2454398.647981 -88.9799999999994 13.610000000000001 CORALIE
2454398.671428 -64.71999999999944 13.729999999999999 CORALIE
2454378.693586 -62.61999999999901 12.71 CORALIE
2454378.719349 -64.30999999999898 13.06 CORALIE
2454385.740623 -79.34999999999981 25.55 CORALIE
2454365.707645 -28.679999999999595 13.34 CORALIE
2454382.617808 -51.22000000000071 14.22 CORALIE
2454725.545387 -14.699999999999491 18.35 CORALIE
2454362.573582 -12.81999999999961 16.02 CORALIE
2454399.616495 -37.86999999999985 12.040000000000001 CORALIE
2454372.735312 -28.77999999999936 12.88 CORALIE
2454399.652117 -27.900000000000702 12.25 CORALIE
2454749.7043 49.46600000000035 2.657 HARPS
2454746.56524 55.96800000000076 4.856 HARPS
2454746.75139 63.52000000000044 4.523 HARPS
2454753.74255 64.42100000000028 3.658 HARPS
2454750.65599 55.52100000000064 2.394 HARPS
2454747.50546 31.81999999999971 4.715 HARPS
2457698.51127 3.2510000000002037 7.735 HARPS
2457698.51971 7.748999999999796 7.871 HARPS
2457698.52688 4.92699999999968 8.048 HARPS
2457698.53433 -0.3780000000006112 8.113 HARPS
2454747.58042 19.662000000000262 5.37 HARPS
2457698.54184 12.790999999999258 8.027 HARPS
2454747.58683 32.63800000000083 5.213 HARPS
2457698.54907 -3.1090000000003783 7.728 HARPS
2454747.59324 18.834000000000742 5.192 HARPS
2457698.55637 1.4279999999998836 7.658 HARPS
2454747.59942 19.40600000000086 5.578 HARPS
2458014.49691 2.2520000000004075 7.711 HARPS
2457698.56361 -7.213999999999942 7.666 HARPS
2454747.60584 20.02100000000064 5.682 HARPS
2457698.57084 -6.681000000000495 7.992 HARPS
2454747.61219 7.213999999999942 5.871 HARPS
2458014.51015 -2.826999999999316 7.494 HARPS
2457698.57828 -6.4320000000006985 7.874 HARPS
2454747.61837 17.754000000000815 5.666 HARPS
2454747.7329 2.0049999999991996 4.854 HARPS
2457298.73618 -0.34399999999914144 7.847 HARPS
2457698.69663 -19.05199999999968 7.515 HARPS
2454747.73931 -14.369000000000597 5.168 HARPS
2457298.74307 -9.248999999999796 7.905 HARPS
2457698.70386 -28.950000000000728 7.537 HARPS
2458014.63857 -12.023999999999432 7.995 HARPS
2454747.74561 -13.270000000000437 5.135 HARPS
2457298.75058 0.1499999999996362 8.243 HARPS
2457698.71109 -20.639999999999418 7.596 HARPS
2454747.7519 -23.929000000000087 5.139 HARPS
2457298.75802 -13.459999999999127 8.128 HARPS
2454747.75826 -18.623999999999796 5.31 HARPS
2457698.71853 -32.30899999999929 7.645 HARPS
2458014.65296 -0.2639999999992142 7.98 HARPS
2457298.7654 -23.85200000000077 8.158 HARPS
2454747.76467 -5.1200000000008 5.407 HARPS
2457698.72577 -31.963999999999942 7.591 HARPS
2454747.77102 -23.487999999999374 5.474 HARPS
2457298.77194 -19.030000000000655 8.291 HARPS
2457698.73285 -30.313000000000102 7.642 HARPS
2454747.77726 6.967000000000553 5.565 HARPS
2457698.7405 -37.87800000000061 7.757 HARPS
2454747.78385 -16.438000000000102 5.707 HARPS
2457698.74759 -30.600000000000364 8.637 HARPS
2454747.78997 3.863999999999578 5.719 HARPS
2454747.79644 -23.582000000000335 5.784 HARPS
2454754.75063 -47.86000000000058 3.076 HARPS
2454748.77598 -53.655000000000655 3.731 HARPS
2454755.73077 -36.185999999999694 2.661 HARPS
