2458354.1838207361 1.0007113509 0.0002266400 TESS
2458354.3238783441 1.0004186886 0.0002266021 TESS
2458354.4640330817 1.0005796919 0.0002266225 TESS
2458354.6033127247 0.9997716881 0.0002265385 TESS
2458354.7432728615 0.9995457413 0.0002265126 TESS
2458354.8840246084 0.9992009052 0.0002265148 TESS
2458355.0254151947 0.9993146210 0.0002265347 TESS
2458355.1658196039 0.9993171509 0.0002265179 TESS
2458355.3058211841 0.9995373876 0.0002265241 TESS
2458355.4484060793 0.9994054758 0.0002265428 TESS
2458355.5934215123 0.9993056692 0.0002265498 TESS
2458355.7342285267 0.9989098752 0.0002265511 TESS
2458355.8768827440 0.9991145448 0.0002265856 TESS
2458356.0178146847 0.9991367661 0.0002265909 TESS
2458356.1616077283 0.9991184677 0.0002266087 TESS
2458356.3124285792 0.9990592908 0.0002266139 TESS
2458356.4548326503 0.9993373155 0.0002266509 TESS
2458356.5983755877 0.9996699524 0.0002266756 TESS
2458356.7450018516 0.9998813320 0.0002267512 TESS
2458356.8841280201 0.9996790465 0.0002267941 TESS
2458357.0249763955 0.9999024118 0.0002268251 TESS
2458357.1668803049 0.9998027865 0.0002268133 TESS
2458357.3396038599 1.0003122618 0.0002268679 TESS
2458357.5608971799 1.0001916290 0.0002269124 TESS
2458357.7042176547 1.0004296649 0.0002269606 TESS
2458357.8436214072 1.0006180147 0.0002270048 TESS
2458357.9870668254 1.0009502706 0.0002270485 TESS
2458358.1334150117 1.0005823057 0.0002270497 TESS
2458358.2733047940 1.0006815660 0.0002271059 TESS
2458358.4130695486 1.0002820492 0.0002271239 TESS
2458358.5531953899 1.0005123424 0.0002271723 TESS
2458358.6959045525 1.0008157296 0.0002272339 TESS
2458358.8495859699 1.0007500701 0.0002272984 TESS
2458358.9937117500 1.0003402961 0.0002272869 TESS
2458359.1399069563 1.0007016348 0.0002273643 TESS
2458359.2856160221 1.0007907269 0.0002274287 TESS
2458359.4260750338 1.0003578294 0.0002274738 TESS
2458359.5661034621 1.0012181578 0.0002275806 TESS
2458359.7075763154 1.0006131766 0.0002276081 TESS
2458359.8477991377 1.0001859665 0.0002276312 TESS
2458359.9890497164 1.0000365342 0.0002276364 TESS
2458360.1289669313 1.0001387094 0.0002276542 TESS
2458360.2702313475 1.0006096753 0.0002277459 TESS
2458360.4141624141 1.0005359461 0.0002277460 TESS
2458360.5554128913 1.0006446161 0.0002277565 TESS
2458360.7484968314 1.0006313964 0.0002277717 TESS
2458360.9483585297 1.0000332887 0.0002277360 TESS
2458361.0918172505 0.9996961579 0.0002277170 TESS
2458361.2482204242 0.9998584234 0.0002276951 TESS
2458361.3881929740 1.0001565340 0.0002277102 TESS
2458361.5340266242 1.0002674471 0.0002276622 TESS
2458361.6878185971 1.0000999748 0.0002276745 TESS
2458361.8296799650 1.0004168778 0.0002276718 TESS
2458361.9709163099 1.0000615914 0.0002276312 TESS
2458362.1111109625 1.0000221797 0.0002276005 TESS
2458362.2505833698 1.0000739181 0.0002275550 TESS
2458362.3908196450 0.9995105651 0.0002274870 TESS
2458362.5325281215 1.0004034962 0.0002274789 TESS
2458362.6714171292 0.9998842634 0.0002274103 TESS
2458362.8128200062 1.0000246297 0.0002273748 TESS
2458362.9563200851 1.0000495562 0.0002273168 TESS
2458363.0977090304 1.0000168081 0.0002272636 TESS
2458363.2380146221 1.0001837818 0.0002272364 TESS
2458363.3787924154 0.9998746566 0.0002271670 TESS
2458363.5228757444 1.0000661746 0.0002271589 TESS
2458363.6732507185 0.9998852539 0.0002271128 TESS
2458363.8277506698 1.0004864391 0.0002271177 TESS
2458363.9718061606 1.0002641648 0.0002271162 TESS
2458364.2129171207 1.0005819008 0.0002272330 TESS
2458364.3674031124 1.0004941368 0.0002272911 TESS
2458364.5089168735 1.0002621145 0.0002273900 TESS
2458364.6493195104 1.0005008071 0.0002275772 TESS
2458364.7914443533 1.0002190860 0.0002278532 TESS
2458364.9325275184 1.0001016144 0.0002282063 TESS
2458365.0723606716 0.9999792385 0.0002284282 TESS
2458365.2123327036 0.9995700070 0.0002285639 TESS
2458365.3560269428 0.9995250398 0.0002285989 TESS
2458365.4964156230 0.9992056163 0.0002288050 TESS
2458365.6353042978 0.9998427106 0.0002295582 TESS
2458365.7741929665 0.9997250989 0.0002302992 TESS
2458365.9152205177 0.9993798967 0.0002312377 TESS
2458366.0669008265 1.0003504822 0.0002321598 TESS
2458366.2175533576 0.9998308411 0.0002325962 TESS
2458366.3666920029 0.9998906297 0.0002331258 TESS
2458366.5160112055 0.9998839644 0.0002339750 TESS
2458366.6681498508 0.9999520625 0.0002358589 TESS
2458366.8132051770 0.9989600712 0.0002368018 TESS
2458366.9579688367 0.9995466375 0.0002372624 TESS
2458367.2312874799 0.9990235844 0.0002356928 TESS
2458368.6880726269 0.9989945092 0.0002272718 TESS
2458368.8269602791 0.9998553326 0.0002272608 TESS
2458368.9678756110 0.9993227373 0.0002272127 TESS
2458369.1075131055 0.9994480401 0.0002271911 TESS
2458369.2479838575 1.0000095638 0.0002272341 TESS
2458369.3886073278 0.9998246299 0.0002271957 TESS
2458369.5295918491 0.9998761612 0.0002271791 TESS
2458369.6700902134 0.9996670429 0.0002271784 TESS
2458369.8118801815 0.9995509582 0.0002271606 TESS
2458369.9558922988 0.9999057461 0.0002272259 TESS
2458370.0994182667 1.0002418581 0.0002271922 TESS
2458370.2403886709 1.0008638949 0.0002271639 TESS
2458370.3839145573 1.0000076623 0.0002271245 TESS
2458370.5247876639 1.0006317380 0.0002271168 TESS
2458370.6736189565 1.0006953124 0.0002270981 TESS
2458370.9083517683 1.0004337909 0.0002270272 TESS
2458371.0757104759 1.0006994405 0.0002270641 TESS
2458371.2257916117 0.9995674883 0.0002271978 TESS
2458371.3658173066 0.9997375448 0.0002272043 TESS
2458371.5047040982 1.0001747306 0.0002272189 TESS
2458371.6435908605 0.9999055779 0.0002271377 TESS
2458371.7825609255 1.0002592074 0.0002271521 TESS
2458371.9233087106 0.9998263829 0.0002271432 TESS
2458372.0638481355 1.0003122191 0.0002271568 TESS
2458372.2035542121 1.0006614823 0.0002271459 TESS
2458372.3462740988 1.0004874110 0.0002271626 TESS
2458372.4922855687 1.0005288867 0.0002271291 TESS
2458372.6338526378 1.0005202829 0.0002271121 TESS
2458372.7745030280 1.0000643576 0.0002271302 TESS
2458372.9144034022 1.0002160264 0.0002270680 TESS
2458373.0532898791 1.0007210623 0.0002270932 TESS
2458373.1972456835 1.0008100285 0.0002270377 TESS
2458373.3492846484 1.0008536915 0.0002270605 TESS
2458373.4971708786 1.0004206263 0.0002270206 TESS
2458373.6466126065 1.0000961887 0.0002270257 TESS
2458373.7920127120 0.9998852338 0.0002270752 TESS
2458373.9314684565 1.0001408551 0.0002270849 TESS
2458374.0727158068 0.9996541523 0.0002270110 TESS
2458374.3191277892 1.0000618033 0.0002269871 TESS
2458374.4602084048 1.0007541540 0.0002269948 TESS
2458374.5998029127 1.0003542953 0.0002269518 TESS
2458374.7401890471 1.0003548412 0.0002269258 TESS
2458374.8828945532 1.0000692455 0.0002269134 TESS
2458375.0252944846 1.0004052754 0.0002268735 TESS
2458375.1643611249 1.0002119806 0.0002268656 TESS
2458375.3043443887 1.0003272793 0.0002268013 TESS
2458375.4462998104 1.0007348808 0.0002267989 TESS
2458375.5888524167 1.0004959267 0.0002267880 TESS
2458375.7352799173 1.0011484558 0.0002268019 TESS
2458375.8799435403 1.0005470316 0.0002267574 TESS
2458376.0278570689 1.0006674288 0.0002267054 TESS
2458376.1836176254 1.0001753883 0.0002267989 TESS
2458376.3256978951 0.9995869845 0.0002267732 TESS
2458376.4676670325 0.9998693154 0.0002267491 TESS
2458376.6084278403 1.0000253590 0.0002267570 TESS
2458376.7476608809 0.9999433035 0.0002266997 TESS
2458376.8865466868 1.0001893147 0.0002266780 TESS
2458377.0281546321 0.9999259792 0.0002266453 TESS
2458377.1698042215 1.0000728718 0.0002266224 TESS
2458377.3134537451 0.9998652863 0.0002265743 TESS
2458377.4734917586 1.0001953895 0.0002265822 TESS
2458377.7070974959 0.9999898985 0.0002265570 TESS
2458377.8506774991 0.9994644575 0.0002264937 TESS
2458378.0035905973 0.9996632479 0.0002264940 TESS
2458378.1522954409 1.0002837566 0.0002265457 TESS
2458378.2968198075 0.9996690897 0.0002265010 TESS
2458378.4434691062 0.9997281053 0.0002264768 TESS
2458378.6195760150 0.9997506696 0.0002265820 TESS
2458378.7801693864 0.9992346448 0.0002266914 TESS
2458378.9211521009 0.9995414060 0.0002268246 TESS
2458379.0627736752 0.9993904886 0.0002270093 TESS
2458379.2045480115 0.9992715553 0.0002271902 TESS
2458379.3480722932 1.0003075036 0.0002274142 TESS
2458379.4923187704 1.0000537927 0.0002277862 TESS
2458379.6328847720 1.0004872066 0.0002280129 TESS
2458379.7751312805 1.0008222494 0.0002283534 TESS
2458379.9195166198 0.9999635786 0.0002290606 TESS
2458380.0687629459 1.0024151316 0.0002301149 TESS
2458380.2148843464 0.9997459766 0.0002308927 TESS
2458380.3703110735 1.0009567926 0.0002316724 TESS
2458380.5232378631 1.0011829070 0.0002330182 TESS
2458380.6736786077 1.0013340801 0.0002353900 TESS
2458380.8348413180 1.0010389678 0.0002382804 TESS
2458381.0786409038 1.0013958927 0.0002430016 TESS
2458381.2346926476 1.0006549818 0.0002443899 TESS
2458381.3773141657 0.9998441243 0.0002429828 TESS
2458381.4846083121 0.9993417931 0.0003437893 TESS
2459088.3159239423 1.0008133098 0.0002363536 TESS
2459088.4563005143 0.9994734390 0.0002362923 TESS
2459088.5983852702 0.9999398497 0.0002363530 TESS
2459088.7404837767 0.9995935660 0.0002363637 TESS
2459088.8826932805 0.9997703972 0.0002363975 TESS
2459089.0244860183 0.9996560817 0.0002363811 TESS
2459089.1673342357 0.9998348796 0.0002364188 TESS
2459089.3099601562 0.9998207320 0.0002364645 TESS
2459089.4492665473 1.0003349811 0.0002365214 TESS
2459089.5891284402 0.9999008112 0.0002365177 TESS
2459089.7291152803 1.0004315986 0.0002365486 TESS
2459089.8709909688 0.9998097304 0.0002365567 TESS
2459090.0449222978 0.9996755609 0.0002365423 TESS
2459090.2608120679 0.9998306990 0.0002366077 TESS
2459090.4002431370 0.9998682731 0.0002366173 TESS
2459090.5393130546 0.9996387774 0.0002366647 TESS
2459090.6809940543 0.9997080655 0.0002366682 TESS
2459090.8210777892 1.0003512159 0.0002367315 TESS
2459090.9599670409 1.0000460696 0.0002367449 TESS
2459091.1002451498 1.0001709282 0.0002367848 TESS
2459091.2405232252 1.0000495167 0.0002367954 TESS
2459091.3796345973 1.0001593044 0.0002368289 TESS
2459091.5214126082 1.0005544898 0.0002368472 TESS
2459091.6613572496 1.0001638170 0.0002368426 TESS
2459091.8018157482 1.0002572570 0.0002368834 TESS
2459091.9435797720 1.0000610950 0.0002368809 TESS
2459092.0835798737 1.0003687190 0.0002368745 TESS
2459092.2243577223 1.0004093853 0.0002369420 TESS
2459092.3655244289 1.0007241307 0.0002369543 TESS
2459092.5074411049 1.0003117635 0.0002369463 TESS
2459092.6488577505 1.0011456966 0.0002369918 TESS
2459092.7898160322 1.0006315898 0.0002370059 TESS
2459092.9313715058 1.0006375650 0.0002370317 TESS
2459093.0723713948 1.0006764982 0.0002370599 TESS
2459093.2131073661 1.0004595528 0.0002370663 TESS
2459093.3736071675 1.0006106146 0.0002370877 TESS
2459093.6033429373 1.0005659748 0.0002371233 TESS
2459093.7433010233 1.0001957170 0.0002371168 TESS
2459093.8821896394 1.0001757949 0.0002371367 TESS
2459094.0219254480 1.0019462924 0.0002372982 TESS
2459094.1659528865 1.0007042148 0.0002372013 TESS
2459094.3086191877 1.0000038061 0.0002371677 TESS
2459094.4488549121 1.0002209670 0.0002371854 TESS
2459094.5890489435 1.0001981155 0.0002371935 TESS
2459094.7311179419 0.9999338622 0.0002372039 TESS
2459094.8746313527 0.9996756889 0.0002372120 TESS
2459095.0210752808 0.9996866994 0.0002372647 TESS
2459095.1599636539 0.9996820497 0.0002373168 TESS
2459095.2997547756 0.9995366775 0.0002373196 TESS
2459095.4397680936 0.9998263808 0.0002374007 TESS
2459095.5805730494 0.9999700458 0.0002374527 TESS
2459095.7196835438 0.9996370959 0.0002374657 TESS
2459095.8605162273 1.0002958319 0.0002375642 TESS
2459096.0012238873 1.0001008538 0.0002376235 TESS
2459096.1417648573 1.0000165495 0.0002377422 TESS
2459096.2810696983 0.9999625245 0.0002379919 TESS
2459096.4229717250 1.0002756578 0.0002384901 TESS
2459096.5627348507 1.0004584256 0.0002390828 TESS
2459096.7104006861 1.0007199123 0.0002399135 TESS
2459096.9512187247 1.0005096597 0.0002410315 TESS
2459097.0926345363 1.0003270685 0.0002417123 TESS
2459097.2329114438 0.9998225520 0.0002425294 TESS
2459097.3738411055 1.0008013284 0.0002430246 TESS
2459097.5136318668 1.0003548626 0.0002445613 TESS
2459097.6540753813 1.0006895210 0.0002471493 TESS
2459097.7939494378 0.9997449335 0.0002498348 TESS
2459097.9335595905 0.9994373616 0.0002520066 TESS
2459098.0724475086 0.9992942132 0.0002533578 TESS
2459098.2130992878 0.9987534139 0.0002565274 TESS
2459098.3530010581 0.9990635499 0.0002580978 TESS
2459098.4944166932 0.9989634141 0.0002624190 TESS
2459100.8647194109 0.9998161889 0.0002479985 TESS
2459102.4965266706 0.9999459406 0.0002366004 TESS
2459102.6398025001 1.0002211359 0.0002366009 TESS
2459102.7812727001 1.0001570810 0.0002365796 TESS
2459102.9224928189 0.9998251812 0.0002365721 TESS
2459103.0656989422 0.9999103632 0.0002365412 TESS
2459103.2057383815 0.9998632960 0.0002365039 TESS
2459103.3446250004 1.0002470222 0.0002365117 TESS
2459103.5413855719 1.0002418913 0.0002365143 TESS
2459103.7335072537 1.0002168690 0.0002364890 TESS
2459103.8737547677 1.0005980864 0.0002365313 TESS
2459104.0149605530 1.0010559892 0.0002365798 TESS
2459104.1586523601 1.0006910759 0.0002365376 TESS
2459104.2996775080 1.0002953701 0.0002364799 TESS
2459104.4404387316 1.0001431442 0.0002364555 TESS
2459104.5812415816 1.0001802380 0.0002364545 TESS
2459104.7212110776 1.0007133428 0.0002364829 TESS
2459104.8620971851 1.0008165418 0.0002364932 TESS
2459105.0022749375 1.0007181468 0.0002364712 TESS
2459105.1431609737 1.0004874625 0.0002364527 TESS
2459105.2846997404 1.0006469507 0.0002364652 TESS
2459105.4257940366 1.0007559236 0.0002364435 TESS
2459105.5682771592 1.0004002381 0.0002363910 TESS
2459105.7094686097 1.0004828093 0.0002363961 TESS
2459105.8515766743 1.0006194661 0.0002363901 TESS
2459105.9928513910 1.0008667838 0.0002363798 TESS
2459106.1341816303 1.0005167503 0.0002363290 TESS
2459106.2765118163 1.0006399272 0.0002363247 TESS
2459106.4153976035 1.0004879144 0.0002363065 TESS
2459106.5552277844 1.0002566594 0.0002363351 TESS
2459106.6969467807 1.0005549239 0.0002363439 TESS
2459106.8880812665 1.0003861391 0.0002362670 TESS
2459107.0874794032 1.0001692107 0.0002362371 TESS
2459107.2299343818 0.9995383754 0.0002362025 TESS
2459107.3709310321 1.0000620208 0.0002361926 TESS
2459107.5109554557 1.0004779927 0.0002361471 TESS
2459107.6500909836 1.0000422396 0.0002360886 TESS
2459107.7920875256 0.9993002946 0.0002360034 TESS
2459107.9320285344 0.9999152153 0.0002360332 TESS
2459108.0717472997 0.9992462833 0.0002359547 TESS
2459108.2135770964 0.9993767499 0.0002359663 TESS
2459108.3553235345 0.9993841560 0.0002359441 TESS
2459108.5065002609 0.9995364333 0.0002360387 TESS
2459108.6514548962 0.9994581821 0.0002360734 TESS
2459108.7916457360 0.9999228388 0.0002360946 TESS
2459108.9306143606 1.0001910862 0.0002361387 TESS
2459109.0696662916 0.9999825962 0.0002360893 TESS
2459109.2102876012 1.0000110317 0.0002360739 TESS
2459109.3511588788 1.0000592973 0.0002360921 TESS
2459109.4930995484 0.9998037791 0.0002360399 TESS
2459109.6331791319 0.9998589989 0.0002360397 TESS
2459109.7734114658 0.9998671088 0.0002360203 TESS
2459109.9155465025 0.9996581133 0.0002360533 TESS
2459110.0580426166 0.9999099797 0.0002362758 TESS
2459110.2564121643 1.0003469529 0.0002366445 TESS
2459110.4521428617 0.9997546453 0.0002372034 TESS
2459110.5920695169 1.0004096810 0.0002380663 TESS
2459110.7319544875 0.9994796774 0.0002385092 TESS
2459110.8721727626 1.0007116766 0.0002393203 TESS
2459111.0118632535 1.0002255020 0.0002395425 TESS
2459111.1527759139 1.0004561852 0.0002402421 TESS
2459111.2916608369 1.0006125332 0.0002403860 TESS
2459111.4326706808 1.0002180748 0.0002414537 TESS
2459111.5757360030 1.0001915099 0.0002441958 TESS
2459111.7171208034 1.0002132921 0.0002464033 TESS
2459111.8579222709 1.0003651654 0.0002493604 TESS
2459111.9988487209 1.0000341969 0.0002510347 TESS
2459112.1410390101 0.9991327376 0.0002541858 TESS
2459112.2856597723 0.9985074492 0.0002560890 TESS
2459112.4309888356 0.9983228225 0.0002600584 TESS
2459112.5180834946 0.9976777755 0.0005968397 TESS
2458012.6518333331 0.9764945282 0.0043450024 ASASSNg
2458013.6357999998 0.9633183185 0.0043948166 ASASSNg
2458014.6328566666 1.0113271615 0.0036878692 ASASSNg
2458015.6293733334 1.0007362444 0.0036770552 ASASSNg
2458016.6239999998 0.9895232790 0.0046506169 ASASSNg
2458018.6193200001 1.0124668207 0.0037097893 ASASSNg
2458019.6163566667 1.0117146506 0.0036878692 ASASSNg
2458020.6100699999 1.0081239692 0.0037971379 ASASSNg
2458021.6030299999 1.0071348426 0.0037482477 ASASSNg
2458022.5775799998 1.0136499686 0.0036989998 ASASSNg
2458023.5522066667 1.0041013809 0.0037647598 ASASSNg
2458024.5304399999 1.0087007122 0.0041858042 ASASSNg
2458025.5381966666 1.0060895304 0.0042125811 ASASSNg
2458033.6740999999 0.9890952739 0.0052110927 ASASSNg
2458034.7052366668 0.9479535386 0.0045193466 ASASSNg
2458035.6815833333 1.0135963992 0.0045256155 ASASSNg
2458036.7035599998 1.0004639809 0.0047006406 ASASSNg
2458037.5780466665 0.9725772552 0.0039718945 ASASSNg
2458040.6627633334 0.9877229926 0.0039285407 ASASSNg
2458041.6746566668 0.9924626064 0.0038030961 ASASSNg
2458042.6743966667 0.9995628347 0.0038081490 ASASSNg
2458043.6673933333 0.9902083544 0.0038743365 ASASSNg
2458045.6654500002 1.0003975817 0.0038578964 ASASSNg
2458046.6696733334 0.9942596457 0.0038138659 ASASSNg
2458047.6659599999 0.9994595218 0.0038413151 ASASSNg
2458048.6631366666 0.9957149200 0.0038085761 ASASSNg
2458050.6533366665 0.9901606806 0.0050169743 ASASSNg
2458052.5188200003 1.0123096670 0.0037811283 ASASSNg
2458053.5559666669 1.0086857431 0.0038356929 ASASSNg
2458063.6748716664 0.9916024258 0.0034490273 ASASSNg
2458064.6462400001 0.9975862659 0.0072762426 ASASSNg
2458067.6147200000 0.9998841808 0.0038577558 ASASSNg
2458068.6114366669 0.9951860765 0.0038195362 ASASSNg
2458070.6081733331 1.0026028469 0.0038250162 ASASSNg
2458071.6013199999 0.9951903966 0.0038688565 ASASSNg
2458072.5990166669 0.9876900378 0.0038576177 ASASSNg
2458073.6009900002 0.9695913495 0.0040216191 ASASSNg
2458074.5887799999 1.0114901813 0.0038792128 ASASSNg
2458075.5857400000 0.9840331771 0.0039072166 ASASSNg
2458076.5863100002 1.0091920480 0.0038631911 ASASSNg
2458077.5833133333 1.0000154924 0.0038901549 ASASSNg
2458079.5771133332 1.0069846756 0.0038741965 ASASSNg
2458080.5554499999 1.0154286902 0.0038359055 ASASSNg
2458081.5228266665 1.0038275555 0.0038676811 ASASSNg
2458087.6309819994 1.0035893564 0.0038815531 ASASSNg
2458088.6671766662 1.0001002620 0.0107371960 ASASSNg
2458091.6487266663 0.9976903983 0.0064849427 ASASSNg
2458092.6442766669 1.0101981247 0.0071234608 ASASSNg
2458099.6269633337 1.0121790988 0.0043675391 ASASSNg
2458100.6227933336 1.0137517866 0.0046112578 ASASSNg
2458103.6127333334 0.9915141205 0.0051018620 ASASSNg
2458104.6095199999 0.9987327225 0.0045466211 ASASSNg
2458105.6019066670 0.9785943455 0.0046194057 ASASSNg
2458107.6095499997 0.9877570442 0.0047398394 ASASSNg
2458114.5819666670 1.0088711168 0.0061101775 ASASSNg
2458115.5823133332 1.0054390779 0.0050030047 ASASSNg
2458117.5759666669 0.9992612918 0.0053220449 ASASSNg
2458120.5688466667 0.9818294599 0.0076107691 ASASSNg
2458122.5533099999 1.0004660837 0.0128137110 ASASSNg
2458124.5555166667 0.9830223264 0.0046464993 ASASSNg
2458125.5472200001 1.0180113239 0.0059876480 ASASSNg
2458126.5457000001 0.9973860952 0.0061094952 ASASSNg
2458127.5424000002 1.0052687752 0.0082316527 ASASSNg
2458128.5428433334 0.9995085856 0.0105331321 ASASSNg
2458230.6630750000 0.9928412632 0.0056775864 ASASSNg
2458233.6585700000 0.9953121243 0.0081723002 ASASSNg
2458235.6580300000 1.0093502567 0.0079445008 ASASSNg
2458236.9053400001 1.0201408804 0.0125501361 ASASSNg
2458237.9054666669 1.0106662248 0.0051890755 ASASSNg
2458238.6533200000 1.0249348652 0.0055676151 ASASSNg
2458239.6453600000 0.9987964670 0.0051779252 ASASSNg
2458241.9072500002 1.0111520981 0.0046085432 ASASSNg
2458242.6438433332 0.9977585861 0.0046566904 ASASSNg
2458243.6274500000 0.9823275638 0.0084855242 ASASSNg
2458245.6233733334 1.0043358397 0.0050786148 ASASSNg
2458250.9097133330 0.9952050556 0.0040825112 ASASSNg
2458254.6718974998 1.0069467227 0.0037398861 ASASSNg
2458255.5971733336 0.9990467611 0.0043894181 ASASSNg
2458256.6043100003 0.9951783749 0.0044473539 ASASSNg
2458258.8561900002 1.0057757297 0.0043627582 ASASSNg
2458259.8449233333 1.0159327880 0.0042739600 ASASSNg
2458260.8595799999 0.9951873232 0.0043453102 ASASSNg
2458265.7037099996 1.0092850361 0.0033944989 ASASSNg
2458266.8774433332 1.0011402218 0.0047294885 ASASSNg
2458271.8475400000 0.9972523537 0.0045961579 ASASSNg
2458282.8325700001 0.9742696279 0.0048709173 ASASSNg
2458283.7689483333 1.0007022706 0.0029593210 ASASSNg
2458285.9117933330 0.9947900842 0.0040606797 ASASSNg
2458286.8599433331 0.9897131719 0.0040331901 ASASSNg
2458287.8527066666 0.9845818058 0.0041373779 ASASSNg
2458288.9021450002 0.9979523783 0.0049631987 ASASSNg
2458289.8716966668 0.9933311067 0.0040551112 ASASSNg
2458290.7976500001 1.0036770657 0.0032644678 ASASSNg
2458292.4940650002 1.0073074552 0.0057777418 ASASSNg
2458294.1333666667 0.9932837193 0.0041498401 ASASSNg
2458298.8446633331 0.9979782696 0.0035132185 ASASSNg
2458299.8597399998 0.9878087775 0.0075387628 ASASSNg
2458306.7450250001 1.0047773404 0.0030047816 ASASSNg
2458307.6093633333 1.0194583605 0.0043837338 ASASSNg
2458308.5949966670 1.0044429081 0.0042305385 ASASSNg
2458309.9010799997 0.9989692494 0.0041976583 ASASSNg
2458312.7925816667 0.9760942228 0.0031520449 ASASSNg
2458313.8442633334 0.9929613912 0.0040386032 ASASSNg
2458315.5522300000 1.0257518068 0.0117886142 ASASSNg
2458318.5345633333 1.0064269742 0.0045751942 ASASSNg
2458319.5315599996 1.0016391782 0.0043510990 ASASSNg
2458320.9824566669 0.9990483223 0.0031291230 ASASSNg
2458322.6350300000 1.0033220232 0.0042688356 ASASSNg
2458323.8654399998 1.0019581245 0.0077316862 ASASSNg
2458325.8777166670 0.9846153014 0.0077252349 ASASSNg
2458333.5186266666 1.0122106206 0.0048442455 ASASSNg
2458334.7124866666 1.0013523215 0.0032039377 ASASSNg
2458335.8639900000 1.0072951904 0.0051500676 ASASSNg
2458339.4942266666 0.9984480274 0.0043836687 ASASSNg
2458340.0091840001 0.9919722136 0.0032951717 ASASSNg
2458340.6765333330 0.9831558657 0.0042031383 ASASSNg
2458342.7037800001 0.9861527943 0.0040988863 ASASSNg
2458345.4820833337 1.0026422144 0.0041647129 ASASSNg
2458346.1571866665 0.9981164392 0.0032627423 ASASSNg
2458346.6421566666 1.0037238745 0.0041370489 ASASSNg
2458347.8976350003 1.0080323369 0.0035831845 ASASSNg
2458349.5951233334 0.9786068684 0.0067212530 ASASSNg
2458352.9217200000 1.0058352586 0.0055176632 ASASSNg
2458353.8717833334 0.9902482249 0.0058976217 ASASSNg
2458355.0261216667 0.9915070112 0.0037234539 ASASSNg
2458360.3380966666 1.0130639305 0.0056329935 ASASSNg
2458360.8073816667 0.9952736558 0.0038215302 ASASSNg
2458361.5979900002 1.0049453140 0.0051826517 ASASSNg
2458362.6142533333 1.0105270154 0.0048218743 ASASSNg
2458365.4376733336 1.0034363412 0.0046469624 ASASSNg
2458366.6569233332 0.9912243641 0.0041422926 ASASSNg
2458367.6306766663 0.9867317095 0.0041592548 ASASSNg
2458371.3655599998 0.9990423380 0.0091119723 ASASSNg
2458372.7700533331 1.0101333555 0.0042140339 ASASSNg
2458373.8401266667 0.9901972638 0.0047400669 ASASSNg
2458375.5778750000 1.0100288393 0.0056574501 ASASSNg
2458377.0293728570 0.9979484305 0.0031856112 ASASSNg
2458379.5124866664 1.0019148124 0.0063924622 ASASSNg
2458382.6669566669 0.9874047521 0.0050523750 ASASSNg
2458388.9018133334 1.0145818135 0.0034591908 ASASSNg
2458389.7732166667 0.9875914678 0.0056660170 ASASSNg
2458390.9917420000 1.0052147494 0.0037403735 ASASSNg
2458392.7166633331 1.0091336716 0.0040441729 ASASSNg
2458393.6881366665 1.0003582266 0.0032740073 ASASSNg
2458395.2958600000 1.0286774342 0.0061200864 ASASSNg
2458396.3025699998 1.0084105845 0.0075743270 ASASSNg
2458397.9945766665 0.9990150206 0.0030528812 ASASSNg
2458398.6053766669 0.9981010660 0.0042084481 ASASSNg
2458401.4804899995 1.0119791634 0.0048711507 ASASSNg
2458401.7025666670 0.9832784421 0.0046738469 ASASSNg
2458408.3054966666 1.0078478470 0.0044441381 ASASSNg
2458415.5361599997 0.9997016556 0.0039404932 ASASSNg
2458416.4491733331 0.9965343110 0.0063981562 ASASSNg
2458417.4499233332 1.0130282326 0.0061488263 ASASSNg
2458418.0872100000 1.0087826611 0.0039059521 ASASSNg
2458419.4577266667 1.0109378413 0.0059070111 ASASSNg
2458424.4025200000 1.0029718760 0.0076597517 ASASSNg
2458425.7009933330 1.0060103516 0.0041972730 ASASSNg
2458426.6976533332 1.0170734351 0.0042081872 ASASSNg
2458427.6951400000 1.0110397066 0.0041701281 ASASSNg
2458428.6916199997 1.0055849094 0.0041756950 ASASSNg
2458429.6718666665 0.9921670153 0.0045757207 ASASSNg
2458430.6776966667 1.0167864544 0.0041919418 ASASSNg
2458431.6774466666 1.0147105910 0.0041749122 ASASSNg
2458432.6788666667 1.0200609876 0.0043886848 ASASSNg
2458436.6654033330 1.0042205437 0.0042631638 ASASSNg
2458437.6633700002 1.0057748116 0.0045471885 ASASSNg
2458442.6952000000 0.9994950706 0.0070537165 ASASSNg
2458444.3701200001 0.9950693858 0.0071873638 ASASSNg
2458445.3679866665 1.0105485473 0.0058681969 ASASSNg
2458446.6284500002 0.9972199435 0.0092828218 ASASSNg
2458447.6227500001 1.0188608777 0.0089411228 ASASSNg
2458450.6162500000 0.9971978453 0.0045922201 ASASSNg
2458452.6080000000 0.9987080743 0.0044332387 ASASSNg
2458454.0085350000 0.9940483482 0.0066607682 ASASSNg
2458454.6567566670 0.9934616093 0.0048986232 ASASSNg
2458455.6026733331 1.0058954455 0.0041590598 ASASSNg
2458456.9675033335 1.0047577965 0.0031676243 ASASSNg
2458457.6489999997 0.9852260198 0.0048328564 ASASSNg
2458458.5922400001 0.9969983174 0.0041804446 ASASSNg
2458459.5912433332 0.9945232254 0.0044166157 ASASSNg
2458460.5851233336 1.0058098757 0.0042086397 ASASSNg
2458461.5849850001 0.9824504289 0.0050840082 ASASSNg
2458462.5823266669 1.0012693454 0.0041647781 ASASSNg
2458464.0235019997 1.0019713016 0.0034672636 ASASSNg
2458471.2969533331 0.9999209939 0.0064501038 ASASSNg
2458472.0848766668 0.9988706645 0.0057805852 ASASSNg
2458472.7752200002 0.9997174786 0.0055528366 ASASSNg
2458473.6021266668 0.9903954082 0.0062169799 ASASSNg
2458475.5583666670 0.9893850612 0.0063684923 ASASSNg
2458476.5364666665 0.9812489500 0.0046241608 ASASSNg
2458479.6294149999 0.9909569374 0.0070061309 ASASSNg
2458480.5822833334 1.0013588713 0.0048223247 ASASSNg
2458486.5620566667 0.9754685168 0.0053867729 ASASSNg
2458588.9169600005 1.0172718021 0.0055084226 ASASSNg
2458590.9141033334 1.0010753865 0.0051398515 ASASSNg
2458592.6574300001 0.9775266151 0.0073580900 ASASSNg
2458593.9125000001 1.0036668927 0.0062723774 ASASSNg
2458595.8984150002 1.0006552362 0.0062603705 ASASSNg
2458596.9135466665 0.9970593803 0.0049971164 ASASSNg
2458599.9072199999 1.0127813870 0.0052987317 ASASSNg
2458600.9002466667 0.9989506958 0.0049261715 ASASSNg
2458605.6441649999 1.0108520361 0.0057785836 ASASSNg
2458606.9001166667 1.0115307903 0.0046305802 ASASSNg
2458607.8804633338 1.0073965059 0.0050888120 ASASSNg
2458609.6277800002 1.0236916760 0.0067973840 ASASSNg
2458611.8749833331 1.0168760153 0.0050460703 ASASSNg
2458613.6215933333 1.0191916876 0.0047777565 ASASSNg
2458614.8622733336 1.0030813929 0.0047017822 ASASSNg
2458616.6092866664 0.9998746166 0.0050188092 ASASSNg
2458617.8616200001 1.0031733375 0.0046400776 ASASSNg
2458618.8793583331 1.0101889357 0.0031934261 ASASSNg
2458619.8686299999 1.0055447454 0.0047511028 ASASSNg
2458620.8735533333 1.0210288290 0.0048414867 ASASSNg
2458621.8534566662 1.0155222323 0.0054466103 ASASSNg
2458625.5806633332 1.0290493405 0.0055399399 ASASSNg
2458626.8343433333 1.0081432591 0.0049197194 ASASSNg
2458627.8795760004 0.9992880203 0.0079488918 ASASSNg
2458633.5657666666 1.0052807451 0.0050852085 ASASSNg
2458635.8140199999 0.9975030408 0.0043892334 ASASSNg
2458636.8023999999 1.0055523980 0.0047014349 ASASSNg
2458637.7988800001 1.0121331543 0.0047178811 ASASSNg
2458641.7163266665 0.9954492028 0.0033792866 ASASSNg
2458642.7990150000 1.0065067187 0.0053658970 ASASSNg
2458643.5531000006 1.0157814696 0.0046633442 ASASSNg
2458644.7884333334 1.0107570613 0.0043887482 ASASSNg
2458645.8613833333 1.0157184750 0.0049420718 ASASSNg
2458646.7882533334 1.0059220010 0.0043890459 ASASSNg
2458648.0995850000 0.9982919123 0.0049003137 ASASSNg
2458648.7347749998 1.0094437769 0.0034749484 ASASSNg
2458649.9397366666 1.0106357771 0.0058847849 ASASSNg
2458650.7664833330 1.0083218931 0.0058689562 ASASSNg
2458651.7779833334 1.0070614585 0.0064116894 ASASSNg
2458653.5407500002 0.9977222061 0.0062820432 ASASSNg
2458654.5329966671 0.9988590965 0.0068153808 ASASSNg
2458655.7534400001 1.0046311359 0.0069992179 ASASSNg
2458660.0765266665 0.9637633582 0.0041356624 ASASSNg
2458660.9429733334 1.0112058645 0.0056552157 ASASSNg
2458661.8788899998 0.9860713652 0.0030387721 ASASSNg
2458663.0976033336 1.0088197048 0.0046078057 ASASSNg
2458667.7469299999 0.9954433748 0.0046743051 ASASSNg
2458668.7625216669 1.0010640581 0.0032797914 ASASSNg
2458669.8140966669 1.0254618679 0.0042577703 ASASSNg
2458670.8236500002 1.0158600035 0.0047225239 ASASSNg
2458674.4912233329 1.0211052565 0.0046853420 ASASSNg
2458675.0499300002 0.9703117153 0.0038397411 ASASSNg
2458676.2997800005 0.9974598455 0.0035180092 ASASSNg
2458676.6564733335 0.9945061633 0.0046460941 ASASSNg
2458677.7748500002 1.0073990897 0.0032244254 ASASSNg
2458679.0252833334 0.9771512091 0.0045078230 ASASSNg
2458679.7456666664 1.0101126166 0.0048709173 ASASSNg
2458680.7560033333 1.0056878395 0.0054941892 ASASSNg
2458689.0622500000 0.9569279410 0.0070617785 ASASSNg
2458689.9114816668 0.9909563724 0.0030336328 ASASSNg
2458690.8071650001 0.9956415974 0.0036975158 ASASSNg
2458692.0695333336 0.9677922254 0.0040485741 ASASSNg
2458692.8730449998 0.9874638102 0.0031592929 ASASSNg
2458697.3970033335 0.9905040240 0.0047933138 ASASSNg
2458697.8530633338 1.0022627536 0.0045044997 ASASSNg
2458700.8368233331 0.9908026990 0.0044974833 ASASSNg
2458702.0613533338 0.9993295560 0.0032524298 ASASSNg
2458702.6481133332 0.9989681365 0.0047000456 ASASSNg
2458703.9737499999 0.9558458943 0.0067770294 ASASSNg
2458705.1930066668 1.0029503230 0.0030985001 ASASSNg
2458705.9963600002 1.0101739466 0.0053269268 ASASSNg
2458707.9655300002 1.0265353085 0.0047987458 ASASSNg
2458708.7551733335 0.9962137250 0.0037373446 ASASSNg
2458709.6133566666 0.9982880484 0.0059146038 ASASSNg
2458715.7522783331 1.0038950848 0.0033052764 ASASSNg
2458717.8112983331 0.9995667943 0.0040357913 ASASSNg
2458718.8335633329 1.0100845724 0.0037325949 ASASSNg
2458719.6701966668 1.0078594867 0.0045154997 ASASSNg
2458721.9673700002 0.9898196783 0.0065681674 ASASSNg
2458722.6494433330 0.9913342429 0.0045254537 ASASSNg
2458723.6804733337 0.9833154949 0.0031982954 ASASSNg
2458724.7576075001 0.9842585252 0.0044524212 ASASSNg
2458725.7553783334 1.0009648355 0.0044813084 ASASSNg
2458727.5608600001 1.0120303419 0.0038564211 ASASSNg
2458727.9424533332 0.9679948449 0.0037263034 ASASSNg
2458728.7442583330 0.9892101860 0.0029819082 ASASSNg
2458729.6898133331 0.9959266178 0.0042248238 ASASSNg
2458730.8721799999 1.0280582748 0.0079445008 ASASSNg
2458731.5706900000 0.9915687335 0.0050421753 ASASSNg
2458734.4470466664 0.9970059450 0.0051159550 ASASSNg
2458734.7440816667 1.0168624883 0.0031674734 ASASSNg
2458736.1187100001 0.9962451867 0.0044864321 ASASSNg
2458736.8822166664 1.0142353025 0.0048046081 ASASSNg
2458743.5374733335 1.0095772076 0.0044277581 ASASSNg
2458744.5991699998 0.9982201914 0.0048054325 ASASSNg
2458745.5847179997 1.0031445135 0.0034726661 ASASSNg
2458746.6431233333 1.0110756969 0.0042577703 ASASSNg
2458747.6224433333 1.0098123190 0.0045482607 ASASSNg
2458748.6533566667 0.9981372285 0.0045372601 ASASSNg
2458750.7567066662 1.0068922733 0.0045967488 ASASSNg
2458751.7349133338 1.0177239945 0.0044331771 ASASSNg
2458752.7668066663 1.0041839409 0.0144852421 ASASSNg
2458754.1104433332 0.9969335878 0.0034922476 ASASSNg
2458754.7466316666 0.9763718816 0.0030934501 ASASSNg
2458755.7818333334 1.0094908875 0.0047175987 ASASSNg
2458756.5500166668 1.0154989284 0.0046302292 ASASSNg
2458758.4944000002 1.0210947290 0.0098344439 ASASSNg
2458760.2763266671 1.0000497481 0.0048658486 ASASSNg
2458761.4080200000 1.0014292418 0.0048762985 ASASSNg
2458762.3322966662 1.0124213946 0.0050408380 ASASSNg
2458762.6692320006 1.0105922651 0.0039201897 ASASSNg
2458764.4879625002 1.0093423232 0.0049212530 ASASSNg
2458764.9543924998 1.0078168905 0.0053914628 ASASSNg
2458772.7631975003 0.9763454031 0.0068861610 ASASSNg
2458773.5761033334 1.0046941815 0.0046413063 ASASSNg
2458774.5810900000 1.0065785520 0.0045915155 ASASSNg
2458775.9421011112 0.9905786690 0.0028789945 ASASSNg
2458777.3169000000 1.0058763172 0.0085709489 ASASSNg
2458777.7977700001 0.9764617316 0.0065207552 ASASSNg
2458778.9813979999 1.0072812134 0.0078846527 ASASSNg
2458779.8331933338 0.9686529568 0.0039054969 ASASSNg
2458780.7975166668 0.9722674362 0.0038250162 ASASSNg
2458781.7126533333 1.0058601113 0.0047784845 ASASSNg
2458782.7174966666 1.0188245116 0.0044606995 ASASSNg
2458783.6832250003 1.0104002758 0.0053256272 ASASSNg
2458784.6921266667 1.0026174401 0.0054729444 ASASSNg
2458786.6574650002 1.0078224579 0.0031989244 ASASSNg
2458788.4429799998 1.0126332005 0.0049480595 ASASSNg
2458789.8009699997 0.9656899759 0.0037914162 ASASSNg
2458791.5555266663 1.0012646966 0.0047553579 ASASSNg
2458797.5457766666 1.0203723696 0.0049812471 ASASSNg
2458799.0823657140 1.0127105895 0.0035520408 ASASSNg
2458800.5399766662 1.0073189890 0.0049305003 ASASSNg
2458802.0803866666 0.9919818209 0.0035821767 ASASSNg
2458802.7350050001 0.9871920073 0.0047208067 ASASSNg
2458803.6189533332 0.9936762288 0.0036608690 ASASSNg
2458804.6201333334 0.9982706945 0.0041352273 ASASSNg
2458805.6872899998 1.0039439007 0.0046852275 ASASSNg
2458807.0020599999 0.9980544664 0.0033442607 ASASSNg
2458808.0602483335 0.9820729223 0.0030502125 ASASSNg
2458808.7251766664 0.9960461498 0.0038192515 ASASSNg
2458810.6463166666 1.0107232123 0.0045425438 ASASSNg
2458811.6428966667 1.0002167759 0.0048275793 ASASSNg
2458812.5666533331 0.9974152798 0.0047621007 ASASSNg
2458814.1599825001 1.0270058909 0.0043288109 ASASSNg
2458815.0383883337 0.9989004409 0.0030774561 ASASSNg
2458815.7049866668 0.9849806104 0.0039454278 ASASSNg
2458817.3650233331 1.0055355942 0.0051725760 ASASSNg
2458817.7042850000 1.0196435384 0.0059995524 ASASSNg
2458818.6230150000 1.0143565318 0.0127150214 ASASSNg
2458819.6526350002 0.9954557298 0.0041713926 ASASSNg
2458824.6535233334 0.9837022882 0.0056451680 ASASSNg
2458827.5975899999 1.0024825896 0.0059316932 ASASSNg
2458829.3158566668 0.9951366241 0.0064366309 ASASSNg
2458830.9182239999 0.9861728103 0.0065462904 ASASSNg
2458831.6393900001 0.9569607394 0.0064247628 ASASSNg
2458833.2805300001 1.0130925541 0.0055302004 ASASSNg
2458833.9668749999 0.9977628363 0.0034675361 ASASSNg
2458834.6308033336 0.9760509168 0.0050571062 ASASSNg
2458835.9033319997 0.9994431991 0.0039708918 ASASSNg
2458836.6237966670 0.9958160255 0.0048597881 ASASSNg
2458837.5469200001 0.9635291656 0.0104321666 ASASSNg
2458838.5672099995 1.0126591903 0.0032637890 ASASSNg
2458840.8370800000 0.9932916430 0.0040975523 ASASSNg
2458841.9412633334 0.9817640466 0.0043983338 ASASSNg
2458844.6039049998 0.9956395858 0.0062216546 ASASSNg
2458846.5750466669 1.0041878679 0.0048714256 ASASSNg
2458854.5895433333 1.0029575616 0.0061514197 ASASSNg
2458860.5874899998 0.9620123037 0.0099803800 ASASSNg
2456621.7216599998 0.9343298257 0.0079480597 ASASSNv
2456787.1245200001 0.9817032474 0.0127078345 ASASSNv
2456795.1116100000 1.0077936611 0.0065393587 ASASSNv
2456802.0992049999 0.9886438322 0.0057382583 ASASSNv
2456813.0812400002 1.0137827606 0.0051883761 ASASSNv
2456816.1209049998 1.0020389579 0.0062760550 ASASSNv
2456821.0773050003 0.9941540584 0.0066897281 ASASSNv
2456829.0940500000 0.9879593568 0.0051400632 ASASSNv
2456831.8116950002 1.0073614440 0.0054184010 ASASSNv
2456836.1139099998 0.9831703651 0.0050555607 ASASSNv
2456845.7877150001 0.9862282945 0.0055922526 ASASSNv
2456847.7809899999 1.0027993285 0.0055920968 ASASSNv
2456848.7027400001 1.0019670265 0.0061348415 ASASSNv
2456849.7193550002 1.0100614852 0.0061690431 ASASSNv
2456850.6995050004 1.0216430614 0.0070971649 ASASSNv
2456856.0238199998 0.9321854234 0.0092071582 ASASSNv
2456864.7537449999 0.9965570009 0.0062940495 ASASSNv
2456867.9721299997 1.0007841093 0.0050078020 ASASSNv
2456873.7471449999 1.0034838032 0.0053349336 ASASSNv
2456876.6650900003 1.0221599657 0.0057779842 ASASSNv
2456878.7423049998 1.0049232501 0.0060284740 ASASSNv
2456886.9644400002 0.9844690363 0.0054071597 ASASSNv
2456887.9167649997 0.9892398616 0.0058843905 ASASSNv
2456888.9532750002 1.0015145379 0.0050080339 ASASSNv
2456889.9462099997 0.9974550819 0.0049593300 ASASSNv
2456891.9439249998 0.9987307497 0.0049663002 ASASSNv
2456893.9305499997 0.9868502470 0.0050905889 ASASSNv
2456894.7098749997 0.9934818874 0.0058009225 ASASSNv
2456897.9423949998 0.9760576754 0.0049732413 ASASSNv
2456899.9493499999 1.0030097175 0.0070824294 ASASSNv
2456902.9341850001 1.0024734467 0.0050003673 ASASSNv
2456903.7066799998 1.0143161136 0.0055293760 ASASSNv
2456912.9242050000 0.9875273833 0.0054459037 ASASSNv
2456913.9188150000 0.9940372644 0.0053210223 ASASSNv
2456914.9186950000 0.9836242290 0.0051663138 ASASSNv
2456916.9099300001 0.9835527100 0.0050080339 ASASSNv
2456917.9075150001 1.0213480761 0.0055850241 ASASSNv
2456918.9065999999 1.0033250914 0.0054809619 ASASSNv
2456920.8094049999 1.0098423143 0.0054801675 ASASSNv
2456922.9018649999 1.0316264685 0.0053203677 ASASSNv
2456924.8970650001 1.0167204300 0.0052860383 ASASSNv
2456925.6695849998 1.0117155794 0.0054571582 ASASSNv
2456930.5298199998 0.9906744813 0.0055918373 ASASSNv
2456931.5441850000 1.0043379963 0.0055018685 ASASSNv
2456938.9005450001 0.9771337469 0.0147363520 ASASSNv
2456940.8747049998 0.9931875298 0.0056260379 ASASSNv
2456942.8679700000 0.9777293792 0.0075349179 ASASSNv
2456943.6202750001 0.9977980761 0.0054248885 ASASSNv
2456950.6178799998 1.0049392246 0.0054739399 ASASSNv
2456956.6074950001 1.0087030837 0.0054316711 ASASSNv
2456959.5201949999 1.0085267900 0.0053973325 ASASSNv
2456967.8181349998 1.0069382515 0.0067056863 ASASSNv
2456970.8216550001 0.9804569637 0.0054657763 ASASSNv
2456972.8113350002 0.9872313057 0.0049313898 ASASSNv
2456976.5715000001 0.9811097357 0.0055574089 ASASSNv
2456979.7360800002 0.9732340560 0.0051188132 ASASSNv
2456982.7272750000 0.9641681659 0.0056225859 ASASSNv
2456985.7205699999 1.0022079986 0.0049245077 ASASSNv
2456992.6964400001 1.0118237649 0.0055815949 ASASSNv
2456996.5512850001 0.9912202284 0.0063036602 ASASSNv
2457000.7266400000 0.9872664549 0.0049589788 ASASSNv
2457003.7148099998 0.9842707897 0.0050775899 ASASSNv
2457005.5365749998 0.9907949538 0.0057099270 ASASSNv
2457006.7073400002 1.0109623197 0.0057382583 ASASSNv
2457012.5376049997 0.9751863477 0.0078654227 ASASSNv
2457130.9221449997 1.0227410745 0.0073690024 ASASSNv
2457131.9156499999 1.0249189271 0.0061449296 ASASSNv
2457137.9075100003 1.0065094110 0.0063010390 ASASSNv
2457140.8970699999 1.0091106413 0.0060650940 ASASSNv
2457146.8943200000 1.0177785291 0.0069895397 ASASSNv
2457150.8809350003 1.0161126306 0.0065382220 ASASSNv
2457153.9250600003 1.0061175465 0.0060302066 ASASSNv
2457156.8787900000 1.0086691737 0.0058009225 ASASSNv
2457158.8480500001 1.0127364270 0.0059257326 ASASSNv
2457159.8536799997 1.0047733054 0.0057800932 ASASSNv
2457161.8804049999 0.9986549058 0.0062745339 ASASSNv
2457162.8639449999 0.9995549128 0.0057104353 ASASSNv
2457169.8248899998 1.0132207822 0.0057785867 ASASSNv
2457174.8160299999 1.0058186890 0.0090935304 ASASSNv
2457177.7954350002 1.0056449384 0.0133821261 ASASSNv
2457178.7954550004 0.9990412430 0.0065521333 ASASSNv
2457184.7899150001 0.9996802132 0.0059877923 ASASSNv
2457185.7743699998 1.0141675452 0.0058357381 ASASSNv
2457187.7752250000 0.9984370738 0.0058565678 ASASSNv
2457188.8435249999 1.0088822318 0.0056618605 ASASSNv
2457191.7939299997 1.0079792389 0.0056616554 ASASSNv
2457194.7902850001 1.0158003547 0.0069416496 ASASSNv
2457197.7406500001 0.9940398279 0.0068373190 ASASSNv
2457198.7888000002 0.9900544883 0.0057312139 ASASSNv
2457203.7238050001 1.0136431983 0.0066773785 ASASSNv
2457205.7619650001 0.9917457035 0.0073960163 ASASSNv
2457218.6949049998 1.0162530395 0.0058910874 ASASSNv
2457220.6864050003 0.9814257382 0.0060084332 ASASSNv
2457221.6859799996 0.9850895536 0.0059052943 ASASSNv
2457222.6815149998 0.9936679308 0.0058275500 ASASSNv
2457223.6816750001 0.9970186371 0.0058634616 ASASSNv
2457224.7131550000 0.9820192659 0.0056896319 ASASSNv
2457228.7543666665 1.0350977255 0.0056345310 ASASSNv
2457229.7254949999 1.0120319443 0.0048236540 ASASSNv
2457230.9124199999 1.0035802465 0.0082628343 ASASSNv
2457232.6532775001 0.9878328901 0.0097070466 ASASSNv
2457233.6543899998 0.9915766495 0.0057473540 ASASSNv
2457234.6444199998 0.9673662991 0.0096123710 ASASSNv
2457235.6528650001 0.9828896057 0.0096814493 ASASSNv
2457242.0345600001 1.0092447574 0.0053488448 ASASSNv
2457244.0007699998 0.9813786517 0.0051261517 ASASSNv
2457245.9587249998 0.9745223512 0.0052235325 ASASSNv
2457247.8979150001 0.9950175746 0.0039888587 ASASSNv
2457249.6860924996 1.0061745787 0.0041193568 ASASSNv
2457253.6380825001 0.9754859258 0.0042151301 ASASSNv
2457257.6123766671 1.0189598302 0.0049015802 ASASSNv
2457258.6827816665 0.9994811670 0.0034992157 ASASSNv
2457265.8731033332 1.0288116539 0.0075295495 ASASSNv
2457267.7191999997 1.0149409499 0.0060647341 ASASSNv
2457269.5501566664 1.0231076278 0.0059287635 ASASSNv
2457270.5451900004 1.0039971414 0.0048792938 ASASSNv
2457273.7884533331 0.9961249982 0.0046598385 ASASSNv
2457276.8441866669 0.9834730309 0.0059022280 ASASSNv
2457277.7945583337 1.0090602661 0.0034407273 ASASSNv
2457278.7617900004 1.0165072650 0.0056790673 ASASSNv
2457283.6357600000 0.9849079021 0.0074331365 ASASSNv
2457286.5846533333 0.9907903788 0.0062241628 ASASSNv
2457287.8148833332 0.9926126553 0.0058038787 ASASSNv
2457288.6089400002 0.9814914630 0.0048186775 ASASSNv
2457290.8265049998 0.9776909766 0.0162966689 ASASSNv
2457295.4869866669 0.9935308847 0.0053573132 ASASSNv
2457298.7887633331 1.0032079370 0.0051332377 ASASSNv
2457299.7491600001 1.0106823493 0.0138697576 ASASSNv
2457302.7480533333 1.0128042976 0.0048008298 ASASSNv
2457304.6609066669 0.9951614690 0.0055751927 ASASSNv
2457305.5778733338 1.0035671670 0.0063130961 ASASSNv
2457306.5655133333 0.9952026308 0.0048041110 ASASSNv
2457308.5934633333 1.0113616738 0.0047665918 ASASSNv
2457311.8410299998 0.9866850907 0.0042855517 ASASSNv
2457313.5913733332 1.0135936538 0.0046568817 ASASSNv
2457315.6622733329 1.0068160160 0.0047973020 ASASSNv
2457322.7150933333 0.9985944130 0.0066120425 ASASSNv
2457323.7115266663 1.0029341749 0.0063705591 ASASSNv
2457324.5199066666 1.0104047667 0.0047325152 ASASSNv
2457328.7226450001 1.0121753236 0.0053348248 ASASSNv
2457331.6507800003 1.0009781316 0.0047354554 ASASSNv
2457334.6825899999 1.0023408214 0.0084398950 ASASSNv
2457336.6770766666 1.0139902281 0.0049026901 ASASSNv
2457339.6671699998 1.0200576597 0.0048688214 ASASSNv
2457340.5993700000 1.0127792013 0.0046905219 ASASSNv
2457342.6534400000 1.0131218528 0.0134172690 ASASSNv
2457355.6200833335 1.0164231208 0.0051566621 ASASSNv
2457357.5508966669 0.9833051473 0.0050237003 ASASSNv
2457358.6894000000 0.9941742813 0.0052996395 ASASSNv
2457360.5991133330 1.0152599881 0.0048874653 ASASSNv
2457361.5841799998 0.9936015320 0.0051485281 ASASSNv
2457362.5807533334 0.9811139159 0.0049332931 ASASSNv
2457364.5895166663 0.9809120225 0.0050297440 ASASSNv
2457367.5791233331 0.9973407981 0.0050279479 ASASSNv
2457371.5648633330 1.0092257325 0.0048537830 ASASSNv
2457376.5502433330 1.0047728943 0.0052988754 ASASSNv
2457378.5440400001 0.9991526414 0.0053043725 ASASSNv
2457381.5339199998 0.9853036440 0.0111548263 ASASSNv
2457523.8550600000 0.9883760297 0.0049615648 ASASSNv
2457528.8422333337 1.0231476342 0.0055113513 ASASSNv
2457544.1219766666 1.0218149605 0.0061176470 ASASSNv
2457545.7998899999 0.9981307105 0.0109974390 ASASSNv
2457547.7954600002 0.9944910453 0.0049177147 ASASSNv
2457550.8001666670 1.0057653791 0.0049061090 ASASSNv
2457555.7782799997 1.0206750726 0.0052359271 ASASSNv
2457558.7632966670 1.0086012992 0.0056938230 ASASSNv
2457561.7641099999 1.0144723335 0.0057144992 ASASSNv
2457567.8530000001 0.9979419537 0.0048609167 ASASSNv
2457569.8041200000 0.9954615967 0.0072965436 ASASSNv
2457575.8335500001 1.0100464531 0.0048078339 ASASSNv
2457577.8485833332 0.9910320870 0.0074830429 ASASSNv
2457584.7484399998 1.0031449079 0.0049030034 ASASSNv
2457586.7308499999 0.9910811268 0.0058375046 ASASSNv
2457590.7781066666 1.0042946830 0.0083547734 ASASSNv
2457596.0652366667 0.9811283717 0.0046682959 ASASSNv
2457597.7691666670 0.9799022162 0.0052386371 ASASSNv
2457602.7113166670 1.0090790438 0.0047737872 ASASSNv
2457604.7994133332 0.9910116088 0.0047591101 ASASSNv
2457607.6338333338 1.0146836032 0.0049522588 ASASSNv
2457609.6347166668 0.9992431335 0.0049549706 ASASSNv
2457610.9150000000 0.9909778278 0.0050353167 ASASSNv
2457614.6131066666 0.9804326515 0.0052484010 ASASSNv
2457616.8041733331 1.0046433241 0.0052119527 ASASSNv
2457617.6418699999 1.0261521180 0.0058305318 ASASSNv
2457626.9836666672 0.9838817447 0.0045871243 ASASSNv
2457629.7892733333 1.0119381991 0.0047737544 ASASSNv
2457634.6203233334 1.0073214401 0.0048840285 ASASSNv
2457638.9474900002 1.0142795478 0.0056043519 ASASSNv
2457639.7291866667 1.0139247557 0.0049442628 ASASSNv
2457641.5468066670 1.0033711501 0.0050383450 ASASSNv
2457642.8055900000 1.0004669372 0.0052497557 ASASSNv
2457645.5682299999 1.0278983227 0.0076609999 ASASSNv
2457650.9176900000 0.9956674106 0.0063220803 ASASSNv
2457652.8537266669 0.9951729367 0.0046943763 ASASSNv
2457653.6091533336 1.0136177031 0.0048461038 ASASSNv
2457655.4849800002 1.0084816741 0.0059174383 ASASSNv
2457656.8975033332 0.9947965873 0.0045768612 ASASSNv
2457658.0671200003 1.0072373602 0.0037127372 ASASSNv
2457667.8701266670 0.9882593620 0.0045660130 ASASSNv
2457669.6908066669 1.0149994177 0.0049098414 ASASSNv
2457671.7838300001 1.0043048138 0.0049973659 ASASSNv
2457676.8266766667 0.9926029475 0.0062904246 ASASSNv
2457678.8330266667 0.9802169407 0.0057899774 ASASSNv
2457680.8011000003 0.9873038748 0.0047969358 ASASSNv
2457682.5676566665 1.0066989192 0.0048007227 ASASSNv
2457687.8055000002 0.9976714878 0.0045808953 ASASSNv
2457689.5917866663 1.0174361914 0.0048006949 ASASSNv
2457692.6069533336 0.9889007262 0.0049745126 ASASSNv
2457695.7826166670 1.0164665924 0.0048438330 ASASSNv
2457696.6585833337 0.9859458541 0.0051149298 ASASSNv
2457699.7055850001 1.0105140014 0.0065653815 ASASSNv
2457704.7417466664 1.0249456719 0.0055828658 ASASSNv
2457706.7450500000 0.9932896353 0.0058852089 ASASSNv
2457708.7446766668 0.9721582010 0.0049802313 ASASSNv
2457711.7462433334 0.9875082867 0.0054381938 ASASSNv
2457713.6111866664 1.0028806932 0.0049626379 ASASSNv
2457716.6169333332 1.0023330910 0.0050275607 ASASSNv
2457719.6971866670 0.9771169145 0.0079846435 ASASSNv
2457720.7049066667 0.9906569755 0.0045984869 ASASSNv
2457722.7170933336 0.9657636964 0.0059360758 ASASSNv
2457724.6000100002 1.0088691816 0.0050801498 ASASSNv
2457727.5967700002 1.0038703021 0.0050426175 ASASSNv
2457735.5608433336 1.0103780022 0.0057172000 ASASSNv
2457739.5347066666 0.9913116362 0.0050580583 ASASSNv
2457742.5474200002 1.0130841184 0.0049897735 ASASSNv
2457748.5291233333 1.0074269139 0.0059047774 ASASSNv
2457870.9036566666 0.9894586407 0.0053000138 ASASSNv
2457872.9102666667 1.0065457632 0.0052510365 ASASSNv
2457876.8891900000 1.0167933627 0.0052241911 ASASSNv
2457882.8760233331 1.0183133944 0.0057018521 ASASSNv
2457886.8777550003 0.9921886940 0.0069413150 ASASSNv
2457890.8620099998 1.0178151861 0.0056430531 ASASSNv
2457901.8262733333 0.9972223173 0.0056452091 ASASSNv
2457903.8786233333 1.0127954290 0.0050231497 ASASSNv
2457907.8785433336 1.0202035571 0.0061199261 ASASSNv
2457908.8862133333 1.0132709510 0.0050388449 ASASSNv
2457910.7992100003 1.0226003367 0.0056844869 ASASSNv
2457913.8682600004 0.9952961041 0.0054926070 ASASSNv
2457915.7848733333 1.0132318352 0.0060006776 ASASSNv
2457917.8683666666 1.0107715733 0.0053384480 ASASSNv
2457924.9114566669 1.0052615650 0.0052171083 ASASSNv
2457929.8478799998 0.9875886310 0.0052891216 ASASSNv
2457935.0789966667 1.0242097668 0.0048344797 ASASSNv
2457937.7293099998 1.0024425826 0.0053950492 ASASSNv
2457943.0493433331 1.0015307584 0.0056747491 ASASSNv
2457944.7201999999 1.0146933439 0.0060342409 ASASSNv
2457958.0583933336 1.0089854839 0.0047497925 ASASSNv
2457960.7156399996 1.0048466749 0.0050316152 ASASSNv
2457966.6806366662 1.0308874401 0.0053231739 ASASSNv
2457967.8543400001 0.9983057048 0.0050388449 ASASSNv
2457968.6504366663 1.0301257207 0.0054746081 ASASSNv
2457970.8071200000 1.0146342328 0.0053189253 ASASSNv
2457971.9896700000 1.0273576133 0.0057956895 ASASSNv
2457978.0130499997 0.9782335629 0.0049992529 ASASSNv
2457980.0159266666 0.9988343129 0.0049820159 ASASSNv
2457980.6094999998 1.0146131272 0.0052892441 ASASSNv
2457982.8075100002 1.0147122969 0.0050504870 ASASSNv
2457989.9918499999 0.9728775106 0.0067140918 ASASSNv
2457991.9811933334 0.9865841971 0.0050102210 ASASSNv
2457995.9483233332 0.9903360364 0.0049468120 ASASSNv
2457998.9045099998 1.0181975939 0.0088136899 ASASSNv
2458000.8066099999 1.0015859593 0.0061106986 ASASSNv
2458004.7801133334 1.0189091691 0.0064090270 ASASSNv
2458007.6055333330 1.0071311283 0.0053228341 ASASSNv
2458011.8901733332 1.0065716588 0.0049169348 ASASSNv
2458012.6906699999 0.9915573121 0.0052848767 ASASSNv
2458015.9174833330 0.9783663673 0.0048353255 ASASSNv
2458018.8890166669 1.0164057037 0.0048180083 ASASSNv
2458019.6851566667 1.0100635616 0.0052967187 ASASSNv
2458022.6003933330 1.0037929061 0.0053119610 ASASSNv
2458033.8558799997 1.0050596271 0.0058213787 ASASSNv
2458034.5563566666 1.0159168641 0.0055037046 ASASSNv
2458038.7833066662 0.9969471865 0.0048148368 ASASSNv
2458040.6966966665 0.9839549100 0.0054607324 ASASSNv
2458045.6265733331 1.0180129066 0.0054133703 ASASSNv
2458046.6197700002 1.0192395530 0.0053687052 ASASSNv
2458048.6549999998 1.0069029548 0.0053419609 ASASSNv
2458075.6429533330 1.0031968108 0.0053951688 ASASSNv
2458076.7210266665 0.9818617638 0.0067705059 ASASSNv
2458077.7285366668 0.9828132378 0.0048847781 ASASSNv
2458079.6259966665 1.0157853724 0.0054027335 ASASSNv
2458080.6115799998 1.0144178113 0.0053647502 ASASSNv
2458082.7049600002 0.9925963143 0.0048036421 ASASSNv
2458088.5739633334 1.0194771063 0.0060872980 ASASSNv
2458092.5215466665 0.9954496315 0.0057567888 ASASSNv
2458095.5851466665 1.0072618461 0.0054141395 ASASSNv
2458099.5757733337 1.0070636951 0.0053900216 ASASSNv
2458102.5647766665 0.9586981974 0.0058418454 ASASSNv
2458103.5496100001 1.0035985701 0.0053369663 ASASSNv
2458104.5578033333 0.9985444418 0.0054516041 ASASSNv
2458238.9057133333 1.0328682583 0.0072891153 ASASSNv
2458244.9034200003 1.0107328583 0.0076008497 ASASSNv
2458283.0993366665 1.0092166062 0.0048523401 ASASSNv
2458297.0819766666 0.9802611767 0.0056776126 ASASSNv
2458301.0536750001 0.9887256447 0.0069902872 ASASSNv
2458306.1073599998 1.0009685455 0.0050679696 ASASSNv
2458310.8185866666 1.0029259989 0.0048587464 ASASSNv
2458319.0361866667 0.9812975326 0.0048725374 ASASSNv
2458320.8835266666 0.9965472080 0.0045770879 ASASSNv
2458322.8630685708 1.0182067389 0.0040322131 ASASSNv
2458326.9978700001 1.0278965875 0.0140468183 ASASSNv
2458327.9967266661 0.9636894277 0.0065210412 ASASSNv
2458334.0058800001 1.0003369760 0.0063444222 ASASSNv
2458335.7035699999 1.0136713813 0.0056545841 ASASSNv
2458337.0134900003 1.0083687615 0.0049173926 ASASSNv
2458338.9794899998 0.9961330185 0.0061258847 ASASSNv
2458341.8308733334 1.0093811220 0.0045693105 ASASSNv
2458343.7482699999 0.9731359587 0.0163292265 ASASSNv
2458350.9358600001 0.9627607817 0.0114164136 ASASSNv
2458351.9271866665 0.9848528113 0.0053294529 ASASSNv
2458361.9792399998 0.9604948718 0.0055045426 ASASSNv
2458362.7961550001 0.9831591086 0.0062036490 ASASSNv
2458363.6547866669 1.0026258651 0.0045648884 ASASSNv
2458365.7429866665 1.0015800456 0.0045319083 ASASSNv
2458370.9033533330 0.9890753039 0.0049288293 ASASSNv
2458371.7629849999 1.0186081741 0.0057579790 ASASSNv
2458376.7184833330 1.0016861024 0.0046295231 ASASSNv
2458378.7270133332 0.9698893579 0.0050467769 ASASSNv
2458380.8419100000 0.9835922823 0.0052170511 ASASSNv
2458391.8689599996 1.0215618337 0.0066903507 ASASSNv
2458395.8839550000 0.9785164119 0.0081857901 ASASSNv
2458396.8551050001 1.0145607807 0.0066864548 ASASSNv
2458408.7888133335 0.9926618275 0.0052142039 ASASSNv
2458416.7776933331 0.9837196936 0.0062847226 ASASSNv
2458423.7847199999 0.9599520537 0.0049506241 ASASSNv
2458435.7503300002 0.9967388883 0.0061039776 ASASSNv
2458445.7406200003 0.9678572548 0.0071231330 ASASSNv
2458448.7126966664 0.9815045432 0.0051601626 ASASSNv
